{
  "nbformat": 4,
  "nbformat_minor": 0,
  "metadata": {
    "colab": {
      "provenance": [],
      "authorship_tag": "ABX9TyMKW9Q14PnopfSgZpk0+QEP",
      "include_colab_link": true
    },
    "kernelspec": {
      "name": "python3",
      "display_name": "Python 3"
    },
    "language_info": {
      "name": "python"
    }
  },
  "cells": [
    {
      "cell_type": "markdown",
      "metadata": {
        "id": "view-in-github",
        "colab_type": "text"
      },
      "source": [
        "<a href=\"https://colab.research.google.com/github/25060111-droid/data-science-toolkit/blob/main/Untitled0.ipynb\" target=\"_parent\"><img src=\"https://colab.research.google.com/assets/colab-badge.svg\" alt=\"Open In Colab\"/></a>"
      ]
    },
    {
      "cell_type": "code",
      "execution_count": 2,
      "metadata": {
        "id": "BK49bzdZr1Ei",
        "colab": {
          "base_uri": "https://localhost:8080/"
        },
        "outputId": "86116c80-b6cb-431d-eb9f-c2bb0d21904b"
      },
      "outputs": [
        {
          "output_type": "stream",
          "name": "stdout",
          "text": [
            "1. Numpy array of size 2x2:\n",
            " [[1 2]\n",
            " [3 4]]\n"
          ]
        }
      ],
      "source": [
        "import numpy as np\n",
        "array_2x2 = np.array([[1, 2],[3, 4]])\n",
        "print(\"1. Numpy array of size 2x2:\\n\", array_2x2)"
      ]
    },
    {
      "cell_type": "code",
      "source": [
        "import numpy as np\n",
        "random_3x4 = np.random.rand(3, 4)\n",
        "print(\"\\n2. Random numpy array of size 3x4:\\n\", random_3x4)"
      ],
      "metadata": {
        "id": "B8nw3qMHL6ac",
        "colab": {
          "base_uri": "https://localhost:8080/"
        },
        "outputId": "4316dd5e-b757-4e01-8751-6d323cccacbb"
      },
      "execution_count": 3,
      "outputs": [
        {
          "output_type": "stream",
          "name": "stdout",
          "text": [
            "\n",
            "2. Random numpy array of size 3x4:\n",
            " [[0.10041876 0.39565431 0.5126277  0.18819069]\n",
            " [0.59017111 0.48049921 0.73122642 0.92211495]\n",
            " [0.40131581 0.6704467  0.14388846 0.07734705]]\n"
          ]
        }
      ]
    },
    {
      "cell_type": "code",
      "source": [
        "import numpy as np\n",
        "ones_array = np.ones((2, 3))\n",
        "zeroes_array = np.zeros((3, 2))\n",
        "print(\"\\n3.Numpy array of ones (2x3):\\n\", ones_array, \"\\n\")\n",
        "print(\"  Numpy array of zeroes (3x2):\\n\", zeroes_array)"
      ],
      "metadata": {
        "colab": {
          "base_uri": "https://localhost:8080/"
        },
        "id": "o7SETsd-vEjP",
        "outputId": "9f224bf0-7cb9-47ea-df4a-0f72203dbba0"
      },
      "execution_count": 11,
      "outputs": [
        {
          "output_type": "stream",
          "name": "stdout",
          "text": [
            "\n",
            "3.Numpy array of ones (2x3):\n",
            " [[1. 1. 1.]\n",
            " [1. 1. 1.]] \n",
            "\n",
            "  Numpy array of zeroes (3x2):\n",
            " [[0. 0.]\n",
            " [0. 0.]\n",
            " [0. 0.]]\n"
          ]
        }
      ]
    },
    {
      "cell_type": "code",
      "source": [
        "import numpy as np\n",
        "random_6x3 = np.random.rand(6, 3)\n",
        "transpose_6x3 = random_6x3.T\n",
        "print(\"\\n4.Random numpy array of size 6x3:\\n\", random_6x3, \"\\n\")\n",
        "print(\"  Transposed array (3x6):\\n\", transpose_6x3)"
      ],
      "metadata": {
        "colab": {
          "base_uri": "https://localhost:8080/"
        },
        "id": "9FbYcJ85vmid",
        "outputId": "d68d4a65-9d6f-49ff-92f7-c858cd75a835"
      },
      "execution_count": 12,
      "outputs": [
        {
          "output_type": "stream",
          "name": "stdout",
          "text": [
            "\n",
            "4.Random numpy array of size 6x3:\n",
            " [[0.35220144 0.48233574 0.69041903]\n",
            " [0.80104624 0.30834411 0.415041  ]\n",
            " [0.7780825  0.61944941 0.72854664]\n",
            " [0.62579399 0.61636023 0.20035373]\n",
            " [0.81549811 0.85730206 0.22669629]\n",
            " [0.36640233 0.530468   0.70272785]] \n",
            "\n",
            "  Transposed array (3x6):\n",
            " [[0.35220144 0.80104624 0.7780825  0.62579399 0.81549811 0.36640233]\n",
            " [0.48233574 0.30834411 0.61944941 0.61636023 0.85730206 0.530468  ]\n",
            " [0.69041903 0.415041   0.72854664 0.20035373 0.22669629 0.70272785]]\n"
          ]
        }
      ]
    }
  ]
}